PKLOT_ML_V3
16
0 2.2921332685183976e-19 2.7101265820861146e-19 -0.07251885953052209 0.0062707034352370312 0.30769230769230771 97.400130656036225 97.398201157783603 98.2759651963718 97.376872072938795 97.639513818760463 0 0.73203123714896134 1310.1197696737045 12.378886756238003 560.78349328214972
1 0.70710678118661763 0.70710678118641357 0.68149643540157312 0.72819248954419735 0.46153846153792827 146.7764044410016 146.77408104865981 148.29092968659839 146.62832668227495 124.10666335011889 1 0.14098724489142403 754.27542346679797 15.496727891547206 704.07391316339022
1 97.399232521286095 -3.5654458286280941 4.8469946858798929 0.85725121896500978 1.7070690983841927 -3.5881584430546245 70.409294124717022 -70.311675412782321 44.274743618442699 70.836024331800232 25.999837103726247 0 0.99271220727154763 0.0016156588000897126 -0.30418182679934014 0.60561878644567524
2 97.39801926398772 -6.8891115203601201 12.030488975582623 1.4022656556311004 2.7207069968136715 -5.4183214890142244 76.556514429381451 -130.18142962207534 40.554954700590386 76.714877969627182 69.064170419849248 0 2.6201012313124505 -0.002830793517261464 -0.60879322259716029 0.78228855043101575
3 97.39714960258523 -11.165264948879463 19.455430777024873 1.8550792506006635 3.6249914696034149 -7.0009424617096032 67.150542785273373 -150.28917468571458 23.635011562323481 63.481941087677853 116.74286459076829 0 4.2546502683551966 -0.010170768233254792 -0.94530557083306055 3.1553052041256717
4 97.402250887096329 -16.238657573078825 24.237621128530318 2.1228304977315973 4.3701114776773773 -8.1619224266491202 43.348524440483864 -129.74780730315942 -1.0145861404797036 39.371966154439193 156.11394855744274 0 5.1857771245305129 -0.020187804267169627 -1.1543776369476806 7.4731793749650359
5 97.398434894675489 -21.359068292160782 24.292054551457728 2.1690421289626007 4.9210298058608908 -8.8282123634087153 14.208078336958199 -80.200176764619144 -25.975756313488706 11.331150769225706 178.13840875889903 0 5.0092270905063296 -0.025168654622128892 -1.2048941637687716 12.911314100265376
6 97.396563182240527 -25.55571515969638 18.978862776804704 2.038341295599218 5.2427436096009155 -9.0301669344438693 -10.099452336512746 -19.004674780964663 -45.118474082129417 -14.882511808331996 179.50501173245158 0 3.6079931185327068 -0.027480732301523265 -1.03003469003939 18.84700517259709
7 97.396362167183042 -27.871844711173299 9.0429390240055003 1.8075552249452218 5.3958858255906366 -8.921684330514891 -27.108027358990693 36.325027145112642 -54.854399994451597 -29.706901478564522 162.778091815327 0 1.24283349715316 -0.024869392364802095 -0.71953054835711694 24.335610671730137
8 97.395229141447643 -27.6718026601344 -3.6488018527747901 1.5808694364146045 5.4662536760054508 -8.7621273291216308 -32.671087687547221 73.674472738020455 -52.992628571486108 -34.594808341980809 134.57977287416631 0 -1.6042602026127109 -0.023774002518656322 -0.30771113730051047 28.72264237317874
9 97.394101007685549 -24.657682474870334 -16.667219389797005 1.4025881690605013 5.3163440073879746 -8.1670470033335416 -26.356314120875691 86.304595677464107 -45.470218907371411 -27.189525373331652 103.62636805861005 0 -4.3934491066458961 -0.017941299997623436 0.11363353680581784 31.553593119856892
10 97.394365248055252 -18.986298268273252 -27.744183578353297 1.4247286033638815 5.1524655946585716 -7.7866544254070753 -14.965419175692796 73.808690205992505 -30.704864003261445 -11.169177909828717 77.57133113818324 0 -6.6829009405750464 -0.010808019824914037 0.46175955782761158 32.979974280751584
11 97.395637421884899 -11.162407780193126 -34.933605280351181 1.5907104000103638 5.0473726009592088 -7.6419735010025631 1.1044737029176008 41.15815088286967 -15.312478109540935 7.8858767236585656 62.384239462107175 0 -8.0252658271706689 -0.0087327578107549396 0.65534032024362066 33.356770861433311
12 97.395253630852267 -1.8870237781816965 -37.058230956673199 1.8697271533264528 5.0604003879695059 -7.7705698783341584 18.387382620952138 -5.0242296482480659 -2.379104676188037 25.448662021319244 61.383748346515794 0 -8.2093898652950834 -0.010112864801454511 0.65619282302632598 33.070140369175
13 97.396739717764845 7.7615438796076752 -33.839939466301885 2.3336928364212137 5.0464814518227801 -7.9915684711881738 29.829119935770361 -52.315439797027103 6.0025047745939473 37.845703894006064 74.930963308027174 0 -7.2451261153254718 -0.011692699297789431 0.50428877161033769 32.087443842837082
14 97.396989946612237 16.755118021734091 -25.918895456468103 2.811281782660473 5.0819182485559145 -8.2265916511386692 35.664895006934778 -90.177650145141499 5.9361806074796233 41.869776630549232 98.915853620947445 0 -5.2239640754172791 -0.018503624187843442 0.15606036559932995 31.462020668652322
15 97.398562405882558 23.970901413291521 -14.821111691461283 3.2915295118279149 5.073341569441931 -8.3630718706450899 31.607526091970474 -106.92255640510756 -0.76959577041023164 35.544218057224107 126.9603289837233 0 -2.5135006582058468 -0.029218332795984962 -0.30420961843031741 31.506836215338634
16 97.395376240220742 28.599715343820389 -2.6493204989431463 3.7195549753597552 4.8051185118290487 -8.007507114348055 19.114403222916323 -96.247544714820805 -14.798371585653847 21.080399243179301 151.41879755075047 0 0.40951789467327998 -0.040807185642408934 -0.80478107834865409 32.11939777850732
17 97.395446783795862 30.057684921197495 8.257359898132032 4.0660757481238434 4.3610280990823078 -7.3215765936532096 0.079657197271722366 -55.682931842230182 -30.149442125984045 -2.1701369090256075 164.06251465440454 0 3.016984782366964 -0.048302718998247382 -1.2417202632948441 33.411246562050458
18 97.392765721732758 28.296995167371183 15.780216363425247 4.2497730013996007 3.6374581108322186 -6.0565022615238364 -22.063423322114797 9.4754084322050929 -45.941321760073066 -25.435187473456086 158.75477696297486 0 4.7637735843720845 -0.056602704816745224 -1.5611491720281427 35.067450524699382
19 97.392917692792693 23.923474054498186 18.595891049405392 4.28325822650622 2.8591511450222815 -4.6202020066667888 -39.270164331780343 83.354638966792578 -54.319987427334709 -45.567780434014622 133.25730956812137 0 5.3745656206890358 -0.062462371628821622 -1.6544295767568429 36.679343779941924
20 97.39418863501372 17.968356402901076 16.658568140613731 4.2227893204424101 2.1131747166533725 -3.1728858204831738 -47.328357306917979 145.94183865626172 -51.587864162280916 -54.049870770124599 91.144121606210163 0 4.7528283345776581 -0.065928464879791149 -1.5487466759663602 37.745036885900667
21 97.395526355868355 11.747709341962803 11.384988328580087 4.1719599970449774 1.5244228071252888 -1.9577817644993203 -40.339508978397504 175.92018791209938 -37.430902809829774 -46.242273944477589 41.702716403200178 0 3.2986104503262768 -0.061969561783680856 -1.2838005628784017 37.727278107432902
22 97.395246450364255 6.3162358432580854 5.277022421823486 4.2817617356227826 1.128334691341095 -1.1073934026907684 -19.036788251302049 161.0647575289548 -14.203826038353462 -21.97778051869096 -2.0933684075280765 0 1.6232396477335951 -0.053711095233397205 -1.0041390814528193 36.341696707404644
23 97.397152164230874 2.0795566248344519 1.0397145788902484 4.6294524272129349 0.98902172849309833 -0.75128579907686299 11.417710453404098 104.52292660207165 12.379895602556516 11.609499968744649 -28.28423428575584 0 0.3878088933265213 -0.050517169888217694 -0.79343616058373201 34.057062286886527
24 97.397961640584256 -0.72629361453212826 0.78788665440794126 5.2545869787331512 1.0888564821134059 -0.86576074424397065 47.217931102411789 13.79247793941026 35.958420754268744 46.174928535416612 -28.235343362453545 0 0.1966059779881609 -0.044015842682952958 -0.75146293531891761 31.381453653887132
0 0 0 0 0 0 0 0 0 0 0 0 0 0 0 0 0 0 0 0 0 0 0 0
